Air set len: 5442
Clusters: [
    3290,
    14,
    50,
    22,
    40,
    18,
    8,
    5,
    4,
    1,
    13,
    10,
    21,
    10,
    21,
    5,
    4,
    1,
    47,
    27,
    2,
    6,
    29,
    3,
    24,
    38,
    10,
    12,
    7,
    13,
    3,
    3,
    19,
    4,
    8,
    2,
    2,
    5,
    3,
    3,
    3,
    1,
    15,
    19,
    6,
    9,
    29,
    2,
    18,
    7,
    1,
    12,
    6,
    3,
    3,
    2,
    5,
    3,
    1,
    15,
    14,
    2,
    10,
    1,
    26,
    48,
    2,
    12,
    16,
    1,
    12,
    12,
    9,
    5,
    6,
    4,
    4,
    6,
    13,
    3,
    4,
    15,
    3,
    1,
    7,
    5,
    2,
    4,
    7,
    9,
    9,
    4,
    5,
    7,
    5,
    3,
    1,
    1,
    1,
    1,
    6,
    1,
    11,
    1,
    9,
    8,
    5,
    1,
    1,
    8,
    1,
    3,
    2,
    3,
    1,
    4,
    2,
    19,
    10,
    6,
    7,
    4,
    2,
    2,
    9,
    4,
    1,
    1,
    3,
    7,
    3,
    1,
    1,
    6,
    4,
    3,
    3,
    2,
    5,
    1,
    1,
    10,
    4,
    2,
    4,
    3,
    1,
    1,
    2,
    2,
    12,
    2,
    10,
    5,
    3,
    16,
    1,
    2,
    1,
    12,
    2,
    2,
    4,
    2,
    2,
    3,
    11,
    2,
    1,
    4,
    4,
    2,
    1,
    1,
    6,
    6,
    14,
    1,
    1,
    2,
    8,
    5,
    2,
    5,
    2,
    3,
    11,
    2,
    8,
    6,
    1,
    2,
    2,
    6,
    1,
    2,
    1,
    3,
    5,
    3,
    7,
    2,
    1,
    1,
    2,
    2,
    2,
    5,
    5,
    1,
    1,
    2,
    1,
    3,
    2,
    1,
    3,
    4,
    1,
    2,
    2,
    4,
    5,
    1,
    1,
    1,
    2,
    4,
    5,
    4,
    8,
    2,
    2,
    1,
    2,
    2,
    2,
    2,
    2,
    1,
    2,
    1,
    2,
    1,
    1,
    3,
    1,
    4,
    6,
    1,
    3,
    3,
    3,
    1,
    5,
    2,
    1,
    5,
    1,
    4,
    3,
    2,
    4,
    3,
    3,
    2,
    3,
    3,
    2,
    4,
    1,
    9,
    5,
    3,
    2,
    1,
    2,
    1,
    4,
    1,
    4,
    1,
    12,
    4,
    1,
    1,
    1,
    1,
    10,
    1,
    3,
    1,
    2,
    2,
    2,
    2,
    3,
    2,
    3,
    2,
    3,
    2,
    3,
    1,
    6,
    1,
    2,
    1,
    1,
    2,
    3,
    2,
    2,
    3,
    1,
    1,
    1,
    1,
    1,
    2,
    6,
    4,
    3,
    2,
    5,
    1,
    2,
    1,
    1,
    2,
    2,
    1,
    1,
    2,
    1,
    2,
    2,
    2,
    3,
    2,
    1,
    3,
    2,
    2,
    1,
    2,
    2,
    3,
    1,
    1,
    1,
    2,
    1,
    1,
    3,
    4,
    9,
    1,
    1,
    1,
    2,
    3,
    1,
    1,
    1,
    1,
    1,
    2,
    1,
    2,
    1,
    1,
    1,
    1,
    2,
    1,
    1,
    1,
    1,
    4,
    1,
    1,
    1,
    1,
    1,
    1,
    1,
    1,
    8,
    4,
    1,
    4,
    1,
    2,
    2,
    1,
    2,
    1,
    2,
    4,
    1,
    1,
    4,
    1,
    1,
    4,
    2,
    1,
    5,
    2,
    2,
    1,
    1,
    2,
    1,
    1,
    1,
    1,
    1,
    2,
    2,
    1,
    2,
    1,
    1,
    1,
    1,
    1,
    1,
    1,
    2,
    1,
    1,
    1,
    2,
    3,
    3,
    1,
    2,
    1,
    1,
    1,
    1,
    1,
    3,
    2,
    1,
    1,
    1,
    4,
    1,
    2,
    1,
    2,
    1,
    1,
    1,
    3,
    2,
    2,
    1,
    2,
    1,
    2,
    1,
    1,
    1,
    1,
    1,
    1,
    6,
    1,
    1,
    1,
    2,
    1,
    1,
    1,
    1,
    1,
    1,
    2,
    1,
    1,
    1,
    3,
    2,
    2,
    1,
    1,
    1,
    2,
    1,
    1,
    1,
    2,
    1,
    2,
    2,
    1,
    3,
    1,
    2,
    2,
    2,
    1,
    1,
    1,
    2,
    1,
    1,
    1,
    2,
    1,
    1,
    4,
    1,
    1,
    1,
    1,
    1,
    1,
    1,
    2,
    1,
    1,
    1,
    1,
    2,
    1,
    3,
    1,
    2,
    1,
    1,
    1,
    2,
    1,
    1,
    2,
    1,
    1,
    1,
    1,
    1,
    2,
    1,
    1,
    1,
    1,
    2,
    1,
    2,
    1,
    1,
    3,
    1,
    1,
    1,
    1,
    1,
    1,
    1,
    1,
    1,
    1,
    1,
    1,
    1,
    1,
    1,
    1,
    1,
    1,
    1,
    1,
    1,
    1,
    1,
    1,
    1,
    2,
    2,
    1,
    2,
    1,
    1,
    1,
    1,
    2,
    1,
    1,
    1,
    1,
    1,
    1,
    1,
    1,
    1,
    1,
    1,
    1,
    2,
    1,
    1,
    1,
    1,
    1,
    1,
    1,
    1,
    1,
    1,
    1,
    1,
    1,
    1,
    1,
    1,
]
Merged clusters len: [
    5401,
    1,
    3,
    1,
    3,
    1,
    1,
    1,
    1,
    1,
    1,
    2,
    1,
    1,
    1,
    2,
    1,
    2,
    1,
    1,
    1,
    1,
    1,
    1,
    1,
    1,
    1,
    1,
    1,
    1,
    1,
    1,
    1,
    1,
    1,
]